#Fri Mar 27 19:34:22 CET 2015
last.yMin=-77.27272727272728
last.xMin=-13.636363636363637
last.yMax=79.09090909090907
last.port=COM9
last.file=C\:\\Users\\gaetan\\Documents\\output_test.gcode
last.servoMin=0.0
mCommandWait=300
last.xMax=12.727272727272727
arduinoReadyTimeout=5000
last.servoMax=90.0
