#Fri Mar 13 22:22:32 CET 2015
last.yMin=-92.72727272727273
last.xMin=-35.45454545454545
last.yMax=94.54545454545455
last.port=COM10
last.file=C\:\\Users\\Ga\u00E9tan\\Documents\\output_0013.gcode
last.servoMin=5.454545454545454
mCommandWait=300
last.xMax=37.272727272727266
arduinoReadyTimeout=5000
last.servoMax=86.36363636363636
