#Sat Mar 14 15:55:38 CET 2015
last.yMin=-77.27272727272728
last.xMin=-40.0
last.yMax=79.09090909090907
last.port=COM10
last.file=C\:\\Users\\Ga\u00E9tan\\Documents\\output_0016.gcode
last.servoMin=0.0
mCommandWait=300
last.xMax=40.0
arduinoReadyTimeout=5000
last.servoMax=90.0
